"http://dedpxl.com/fuji-x100t-first-look/?replytocom=44256", 0, 0, 0, 0, 0, 0, 0, 0, 0, 0, 0, 0, 0, 0, 0, 0, 0, 0, 0, 0, 0, 0, 0, 0, 0, 0, 0, 0, 0, 0, 0, 0, 0, 0, 0, 0, 0, 0, 0, 0, 0, 0, 0, 0, 0, 0, 0, 0, 0, 0, 0, 0, 0, 0, 0, 0, 0, 0	
"https://upscgk.com/upsc-gk/96f43ee6-ac4b-4687-8c21-7d65c4f647a4/%E0%A4%AE%E0%A4%A7%E0%A5%8D%E0%A4%AF-%E0%A4%AA%E0%A5%8D%E0%A4%B0%E0%A4%A6%E0%A5%87%E0%A4%B6-%E0%A4%AE%E0%A5%87%E0%A4%82-%E0%A4%97%E0%A5%8D%E0%A4%B0%E0%A4%BE%E0%A4%AE-%E0%A4%A8%E0%A5%8D%E0%A4%AF%E0%A4%BE%E0%A4%AF%E0%A4%BE%E0%A4%B2%E0%A4%AF%E0%A5%8B%E0%A4%82-%E0%A4%95%E0%A5%80-%E0%A4%B8%E0%A5%8D%E0%A4%A5%E0%A4%BE%E0%A4%AA%E0%A4%A8%E0%A4%BE-%E0%A4%95%E0%A5%80-%E0%A4%B0%E0%A4%BE%E0%A4%9C%E0%A5%8D%E0%A4%AF-%E0%A4%B8%E0%A4%B0%E0%A4%95%E0%A4%BE%E0%A4%B0-%E0%A4%95%E0%A5%80-%E0%A4%AF%E0%A5%8B%E0%A4%9C%E0%A4%A8%E0%A4%BE-%E0%A4%95%E0%A5%87-%E0%A4%A4%E0%A4%B9%E0%A4%A4-%E0%A4%AA%E0%A5%8D%E0%A4%B0%E0%A4%A5%E0%A4%AE-%E0%A4%97%E0%A5%8D%E0%A4%B0%E0%A4%BE%E0%A4%AE-%E0%A4%A8%E0%A5%8D%E0%A4%AF%E0%A4%BE%E0%A4%AF%E0%A4%BE%E0%A4%B2%E0%A4%AF-%E0%A4%A8%E0%A5%87-%E0%A4%95%E0%A4%B9%E0%A4%BE%E0%A4%81-%E0%A4%95%E0%A4%BE%E0%A4%B0%E0%A5%8D%E0%A4%AF", 0, 0, 0, 0, 0, 0, 0, 0, 0, 0, 0, 0, 0, 0, 0, 0, 0, 0, 0, 0, 0, 0, 0, 0, 0, 0, 0, 0, 0, 0, 0, 0, 0, 0, 0, 0, 0, 0, 0, 0, 0, 0, 0, 0, 0, 0, 0, 0, 0, 0, 0, 0, 0, 0, 0, 0, 0, 0	
"http://blissway.tk/report-illegal-gambling-pa.html", 0, 0, 0, 0, 0, 0, 0, 0, 0, 0, 0, 0, 0, 0, 0, 0, 0, 0, 0, 0, 0, 0, 0, 0, 0, 0, 0, 0, 0, 0, 0, 0, 0, 0, 0, 0, 0, 0, 0, 0, 0, 0, 0, 0, 0, 0, 0, 0, 0, 0, 0, 0, 0, 0, 0, 0, 0, 0	
"http://www.paulinlondon.com/2005/04/drinks-what-drinks-have-managed-to-go.html", 0, 0, 0, 0, 0, 0, 0, 0, 0, 0, 0, 0, 0, 0, 0, 0, 0, 0, 0, 0, 0, 0, 0, 0, 0, 0, 0, 0, 0, 0, 0, 0, 0, 0, 0, 0, 0, 0, 0, 0, 0, 0, 0, 0, 0, 0, 0, 0, 0, 0, 0, 0, 0, 0, 0, 0, 0, 0	
"http://www.paulinlondon.com/2005/03/weather-changes-weather-today-was_29.html", 0, 0, 0, 0, 0, 0, 0, 0, 0, 0, 0, 0, 0, 0, 0, 0, 0, 0, 0, 0, 0, 0, 0, 0, 0, 0, 0, 0, 0, 0, 0, 0, 0, 0, 0, 0, 0, 0, 0, 0, 0, 0, 0, 0, 0, 0, 0, 0, 0, 0, 0, 0, 0, 0, 0, 0, 0, 0	
"https://www.junauza.com/2008/03/why-gimp-is-better-than-adobe-photoshop.html?showComment=1309234101267", 0, 0, 0, 0, 0, 0, 0, 0, 0, 0, 0, 0, 0, 0, 0, 0, 0, 0, 0, 0, 0, 0, 0, 0, 0, 0, 0, 0, 0, 0, 0, 0, 0, 0, 0, 0, 0, 0, 0, 0, 0, 0, 0, 0, 0, 0, 0, 0, 0, 0, 0, 0, 0, 0, 0, 0, 0, 0	
"https://top10bestreview.com/4-health-benefits-can-get-cycling/", 0, 0, 0, 0, 0, 0, 0, 0, 0, 0, 0, 0, 0, 0, 0, 0, 0, 0, 0, 0, 0, 0, 0, 0, 0, 0, 0, 0, 0, 0, 0, 0, 0, 0, 0, 0, 0, 0, 0, 0, 0, 0, 0, 0, 0, 0, 0, 0, 0, 0, 0, 0, 0, 0, 0, 0, 0, 0	
"https://stusshed.wordpress.com/tag/incra/", 0, 0, 0, 0, 0, 0, 0, 0, 0, 0, 0, 0, 0, 0, 0, 0, 0, 0, 0, 0, 0, 0, 0, 0, 0, 0, 0, 0, 0, 0, 0, 0, 0, 0, 0, 0, 0, 0, 0, 0, 0, 0, 0, 0, 0, 0, 0, 0, 0, 0, 0, 0, 0, 0, 0, 0, 0, 0	
"https://liveindia.live/tag/ranchi/", 0, 0, 0, 0, 0, 0, 0, 0, 0, 0, 0, 0, 0, 0, 0, 0, 0, 0, 0, 0, 0, 0, 0, 0, 0, 0, 0, 0, 0, 0, 0, 0, 0, 0, 0, 0, 0, 0, 0, 0, 0, 0, 0, 0, 0, 0, 0, 0, 0, 0, 0, 0, 0, 0, 0, 0, 0, 0	
"https://hg.mozilla.org/releases/mozilla-beta/pushloghtml?changeset=d5cfad78de33", 0, 0, 0, 0, 0, 0, 0, 0, 0, 0, 0, 0, 0, 0, 0, 0, 0, 0, 0, 0, 0, 0, 0, 0, 0, 0, 0, 0, 0, 0, 0, 0, 0, 0, 0, 0, 0, 0, 0, 0, 0, 0, 0, 0, 0, 0, 0, 0, 0, 0, 0, 0, 0, 0, 0, 0, 0, 0	
